New Models No Balancing
[0.8506, 0.81519997, 0.84549999, 0.8348, 0.82010001, 0.8082, 0.79629999, 0.82349998, 0.79170001, 0.79479998, 0.74919999]

New Models Balanced Data
[0.85390002, 0.83329999, 0.81980002, 0.80900002, 0.81, 0.78969997, 0.78609997, 0.78740001, 0.78200001, 0.78960001, 0.778]

New Models Weighted Cost
[0.87580001, 0.82920003, 0.80629998, 0.80760002, 0.82690001, 0.65280002, 0.78799999, 0.85780001, 0.84420002, 0.8434, 0.85650003]

Same Models No Balancing
[0.85860002, 0.81029999, 0.83840001, 0.84789997, 0.84600002, 0.79759997, 0.84320003, 0.833, 0.81730002, 0.78479999, 0.80989999]

Same Models Balanced Data
[0.89380002, 0.83209997, 0.8197, 0.81480002, 0.8161, 0.78689998, 0.7949, 0.8021, 0.80669999, 0.8071, 0.80419999]

Same Models Weighted Cost
[0.86830002, 0.80980003, 0.82179999, 0.82959998, 0.77939999, 0.71329999, 0.82630002, 0.81889999, 0.79159999, 0.78469998, 0.71530002]

Fine Tuning No Balancing
[0.8822, 0.8233, 0.53250003, 0.6153, 0.5636, 0.55220002, 0.625, 0.52710003, 0.528, 0.53649998, 0.43200001]

Fine Tuning Balanced Data
[0.8646, 0.83579999, 0.1523, 0.2277, 0.1803, 0.25260001, 0.2177, 0.22679999, 0.1938, 0.2015, 0.2176]

Fine Tuning Weighted Cost
[0.83109999, 0.83740002, 0.51279998, 0.64120001, 0.49070001, 0.4937, 0.51789999, 0.58969998, 0.54390001, 0.48930001, 0.6153]